State	Vibr.	J	Energy	Index
X	0	0	0	0
X	0	1	1.63415464	1
X	0	2	4.90243176	2
X	0	3	9.80476704	3
X	0	4	16.341064	4
X	0	5	24.511194	5
X	0	6	34.31499624	6
X	0	7	45.75227776	7
X	0	8	58.82281344	8
X	0	9	73.526346	9
X	0	10	89.862586	10
X	0	11	107.83121184	11
X	0	12	127.43186976	12
X	0	13	148.66417384	13
X	0	14	171.527706	14
X	0	15	196.022016	15
X	0	16	222.14662144	16
X	0	17	249.90100776	17
X	0	18	279.28462824	18
X	0	19	310.296904	19
X	0	20	342.937224	20
X	0	21	377.20494504	21
X	0	22	413.09939176	22
X	0	23	450.61985664	23
X	0	24	489.7656	24
X	0	25	530.53585	25
X	0	26	572.92980264	26
X	0	27	616.94662176	27
X	0	28	662.58543904	28
X	0	29	709.845354	29
X	0	30	758.725434	30
X	0	31	809.22471424	31
X	0	32	861.34219776	32
X	0	33	915.07685544	33
X	0	34	970.427626	34
X	0	35	1027.393416	35
X	0	36	1085.97309984	36
X	0	37	1146.16551976	37
X	0	38	1207.96948584	38
X	0	39	1271.383776	39
X	1	0	1272.16	40
X	1	1	1273.78231464	41
X	1	2	1277.02691176	42
X	1	3	1281.89372704	43
X	1	4	1288.382664	44
X	1	5	1296.493594	45
X	1	6	1306.22635624	46
X	1	7	1317.58075776	47
X	1	8	1330.55657344	48
X	0	40	1336.407136	49
X	1	9	1345.153546	50
X	1	10	1361.371386	51
X	1	11	1379.20977184	52
X	1	12	1398.66834976	53
X	0	41	1403.03827944	54
X	1	13	1419.74673384	55
X	1	14	1442.444506	56
X	1	15	1466.761216	57
X	0	42	1471.27588776	58
X	1	16	1492.69638144	59
X	1	17	1520.24948776	60
X	0	43	1541.11861024	61
X	1	18	1549.41998824	62
X	1	19	1580.207304	63
X	0	44	1612.565064	64
X	1	20	1612.610824	65
X	1	21	1646.62990504	66
X	1	22	1682.26387176	67
X	0	45	1685.613834	68
X	1	23	1719.51201664	69
X	1	24	1758.3736	70
X	0	46	1760.26347304	71
X	1	25	1798.84785	72
X	0	47	1836.51250176	73
X	1	26	1840.93396264	74
X	1	27	1884.63110176	75
X	0	48	1914.35940864	76
X	1	28	1929.93839904	77
X	1	29	1976.854954	78
X	0	49	1993.80265	79
X	1	30	2025.379834	80
X	0	50	2074.84065	81
X	1	31	2075.51207424	82
X	1	32	2127.25067776	83
X	1	33	2180.59461544	84
X	1	34	2235.542826	85
X	1	35	2292.094216	86
X	1	36	2350.24765984	87
X	1	37	2410.00199976	88
X	1	38	2471.35604584	89
X	2	0	2531.35	90
X	2	1	2532.9604746	91
X	1	39	2534.308576	92
X	2	2	2536.1813914	93
X	2	3	2541.0126856	94
X	2	4	2547.45426	95
X	2	5	2555.505985	96
X	2	6	2565.1676986	97
X	2	7	2576.4392064	98
X	2	8	2589.3202816	99
X	1	40	2598.858336	100
X	2	9	2603.810665	101
X	2	10	2619.910065	102
X	2	11	2637.6181576	103
X	2	12	2656.9345864	104
X	1	41	2665.00403944	105
X	2	13	2677.8589626	106
X	2	14	2700.390865	107
X	2	15	2724.52984	108
X	1	42	2732.74436776	109
X	2	16	2750.2754016	110
X	2	17	2777.6270314	111
X	1	43	2802.07797024	112
X	2	18	2806.5841786	113
X	2	19	2837.14626	114
X	2	20	2869.31266	115
X	1	44	2873.003464	116
X	2	21	2903.0827306	117
X	2	22	2938.4557914	118
X	1	45	2945.519434	119
X	2	23	2975.4311296	120
X	2	24	3014.008	121
X	1	46	3019.62443304	122
X	2	25	3054.185625	123
X	1	47	3095.31698176	124
X	2	26	3095.9631946	125
X	2	27	3139.3398664	126
X	1	48	3172.59556864	127
X	2	28	3184.3147656	128
X	2	29	3230.886985	129
X	1	49	3251.45865	130
X	2	30	3279.055585	131
X	2	31	3328.8195936	132
X	1	50	3331.90465	133
X	2	32	3380.1780064	134
X	2	33	3433.1297866	135
X	2	34	3487.673865	136
X	2	35	3543.80914	137
X	2	36	3601.5344776	138
X	2	37	3660.8487114	139
X	2	38	3721.7506426	140
X	3	0	3777.6	141
X	3	1	3779.1986346	142
X	3	2	3782.3958714	143
X	2	39	3784.23904	144
X	3	3	3787.1916456	145
X	3	4	3793.58586	146
X	3	5	3801.578385	147
X	3	6	3811.1690586	148
X	3	7	3822.3576864	149
X	3	8	3835.1440416	150
X	2	40	3848.31264	151
X	3	9	3849.527865	152
X	3	10	3865.508865	153
X	3	11	3883.0867176	154
X	3	12	3902.2610664	155
X	2	41	3913.9701466	156
X	3	13	3923.0315226	157
X	3	14	3945.397665	158
X	3	15	3969.35904	159
X	2	42	3981.2102314	160
X	3	16	3994.9151616	161
X	3	17	4022.0655114	162
X	2	43	4050.0315336	163
X	3	18	4050.8095386	164
X	3	19	4081.14666	165
X	3	20	4113.07626	166
X	2	44	4120.43266	167
X	3	21	4146.5976906	168
X	3	22	4181.7102714	169
X	2	45	4192.412185	170
X	3	23	4218.4132896	171
X	3	24	4256.706	172
X	2	46	4265.9686506	173
X	3	25	4296.587625	174
X	3	26	4338.0573546	175
X	2	47	4341.1005664	176
X	3	27	4381.1143464	177
X	2	48	4417.8064096	178
X	3	28	4425.7577256	179
X	3	29	4471.986585	180
X	2	49	4496.084625	181
X	3	30	4519.799985	182
X	3	31	4569.1969536	183
X	2	50	4575.933625	184
X	3	32	4620.1764864	185
X	3	33	4672.7375466	186
X	3	34	4726.879065	187
X	3	35	4782.59994	188
X	3	36	4839.8990376	189
X	3	37	4898.7751914	190
X	3	38	4959.2272026	191
X	4	0	5010.92	192
X	4	1	5012.5067746	193
X	4	2	5015.6802914	194
X	4	3	5020.4404856	195
X	3	39	5021.25384	196
X	4	4	5026.78726	197
X	4	5	5034.720485	198
X	4	6	5044.2399986	199
X	4	7	5055.3456064	200
X	4	8	5068.0370816	201
X	4	9	5082.314165	202
X	3	40	5084.85384	203
X	4	10	5098.176565	204
X	4	11	5115.6239576	205
X	4	12	5134.6559864	206
X	3	41	5150.0259066	207
X	4	13	5155.2722626	208
X	4	14	5177.472365	209
X	4	15	5201.25584	210
X	3	42	5216.7687114	211
X	4	16	5226.6222016	212
X	4	17	5253.5709314	213
X	4	18	5282.1014786	214
X	3	43	5285.0808936	215
X	4	19	5312.21326	216
X	4	20	5343.90566	217
X	3	44	5354.96106	218
X	4	21	5377.1780306	219
X	4	22	5412.0296914	220
X	3	45	5426.407785	221
X	4	23	5448.4599296	222
X	4	24	5486.468	223
X	3	46	5499.4196106	224
X	4	25	5526.053125	225
X	4	26	5567.2144946	226
X	3	47	5573.9950464	227
X	4	27	5609.9512664	228
X	3	48	5650.1325696	229
X	4	28	5654.2625656	230
X	4	29	5700.147485	231
X	3	49	5727.830625	232
X	4	30	5747.605085	233
X	4	31	5796.6343936	234
X	3	50	5807.087625	235
X	4	32	5847.2344064	236
X	4	33	5899.4040866	237
X	4	34	5953.142365	238
X	4	35	6008.44814	239
X	4	36	6065.3202776	240
X	4	37	6123.7576114	241
X	4	38	6183.7589426	242
X	5	0	6231.33	243
X	5	1	6232.9049346	244
X	5	2	6236.0547714	245
X	5	3	6240.7794456	246
X	4	39	6245.32304	247
X	5	4	6247.07886	248
X	5	5	6254.952885	249
X	5	6	6264.4013586	250
X	5	7	6275.4240864	251
X	5	8	6288.0208416	252
X	5	9	6302.191365	253
X	4	40	6308.44864	254
X	5	10	6317.935365	255
X	5	11	6335.2525176	256
X	5	12	6354.1424664	257
X	4	41	6373.1344466	258
X	5	13	6374.6048226	259
X	5	14	6396.639165	260
X	5	15	6420.24504	261
X	4	42	6439.3791314	262
X	5	16	6445.4219616	263
X	5	17	6472.1694114	264
X	5	18	6500.4868386	265
X	4	43	6507.1813336	266
X	5	19	6530.37366	267
X	5	20	6561.82926	268
X	4	44	6576.53966	269
X	5	21	6594.8529906	270
X	5	22	6629.4441714	271
X	4	45	6647.452685	272
X	5	23	6665.6020896	273
X	5	24	6703.326	274
X	4	46	6719.9189506	275
X	5	25	6742.615125	276
X	5	26	6783.4686546	277
X	4	47	6793.9369664	278
X	5	27	6825.8857464	279
X	4	48	6869.5052096	280
X	5	28	6869.8655256	281
X	5	29	6915.407085	282
X	4	49	6946.622125	283
X	5	30	6962.509485	284
X	5	31	7011.1717536	285
X	4	50	7025.286125	286
X	5	32	7061.3928864	287
X	5	33	7113.1718466	288
X	5	34	7166.507565	289
X	5	35	7221.39894	290
X	5	36	7277.8448376	291
X	5	37	7335.8440914	292
X	5	38	7395.3955026	293
X	6	0	7438.87	294
X	6	1	7440.4330746	295
X	6	2	7443.5591914	296
X	6	3	7448.2482856	297
X	6	4	7454.50026	298
X	5	39	7456.49784	299
X	6	5	7462.314985	300
X	6	6	7471.6922986	301
X	6	7	7482.6320064	302
X	6	8	7495.1338816	303
X	6	9	7509.197665	304
X	5	40	7519.14984	305
X	6	10	7524.823065	306
X	6	11	7542.0097576	307
X	6	12	7560.7573864	308
X	6	13	7581.0655626	309
X	5	41	7583.3502066	310
X	6	14	7602.933865	311
X	6	15	7626.36184	312
X	5	42	7649.0976114	313
X	6	16	7651.3490016	314
X	6	17	7677.8948314	315
X	6	18	7705.9987786	316
X	5	43	7716.3906936	317
X	6	19	7735.66026	318
X	6	20	7766.87866	319
X	5	44	7785.22806	320
X	6	21	7799.6533306	321
X	6	22	7833.9835914	322
X	5	45	7855.608285	323
X	6	23	7869.8687296	324
X	6	24	7907.308	325
X	5	46	7927.5299106	326
X	6	25	7946.300625	327
X	6	26	7986.8457946	328
X	5	47	8000.9914464	329
X	6	27	8028.9426664	330
X	6	28	8072.5903656	331
X	5	48	8075.9913696	332
X	6	29	8117.787985	333
X	5	49	8152.528125	334
X	6	30	8164.534585	335
X	6	31	8212.8291936	336
X	5	50	8230.600125	337
X	6	32	8262.6708064	338
X	6	33	8314.0583866	339
X	6	34	8366.990865	340
X	6	35	8421.46714	341
X	6	36	8477.4860776	342
X	6	37	8535.0465114	343
X	6	38	8594.1472426	344
X	7	0	8633.55	345
X	7	1	8635.1012346	346
X	7	2	8638.2036714	347
X	7	3	8642.8572456	348
X	7	4	8649.06186	349
X	6	39	8654.78704	350
X	7	5	8656.817385	351
X	7	6	8666.1236586	352
X	7	7	8676.9804864	353
X	7	8	8689.3876416	354
X	7	9	8703.344865	355
X	6	40	8716.96464	356
X	7	10	8718.851865	357
X	7	11	8735.9083176	358
X	7	12	8754.5138664	359
X	7	13	8774.6681226	360
X	6	41	8780.6787466	361
X	7	14	8796.370665	362
X	7	15	8819.62104	363
X	7	16	8844.4187616	364
X	6	42	8845.9280314	365
X	7	17	8870.7633114	366
X	7	18	8898.6541386	367
X	6	43	8912.7111336	368
X	7	19	8928.09066	369
X	7	20	8959.07226	370
X	6	44	8981.02666	371
X	7	21	8991.5982906	372
X	7	22	9025.6680714	373
X	6	45	9050.873185	374
X	7	23	9061.2808896	375
X	7	24	9098.436	376
X	6	46	9122.2492506	377
X	7	25	9137.132625	378
X	7	26	9177.3699546	379
X	6	47	9195.1533664	380
X	7	27	9219.1471464	381
X	7	28	9262.4633256	382
X	6	48	9269.5840096	383
X	7	29	9307.317585	384
X	6	49	9345.539625	385
X	7	30	9353.708985	386
X	7	31	9401.6365536	387
X	6	50	9423.018625	388
X	7	32	9451.0992864	389
X	7	33	9502.0961466	390
X	7	34	9554.626065	391
X	7	35	9608.68794	392
X	7	36	9664.2806376	393
X	7	37	9721.4029914	394
X	7	38	9780.0538026	395
X	8	0	9815.4	396
X	8	1	9816.9393746	397
X	8	2	9820.0180914	398
X	8	3	9824.6360856	399
X	8	4	9830.79326	400
X	8	5	9838.489485	401
X	7	39	9840.23184	402
X	8	6	9847.7245986	403
X	8	7	9858.4984064	404
X	8	8	9870.8106816	405
X	8	9	9884.661165	406
X	8	10	9900.049565	407
X	7	40	9901.93584	408
X	8	11	9916.9755576	409
X	8	12	9935.4387864	410
X	8	13	9955.4388626	411
X	7	41	9965.1645066	412
X	8	14	9976.975365	413
X	8	15	10000.04784	414
X	8	16	10024.6558016	415
X	7	42	10029.9165114	416
X	8	17	10050.7987314	417
X	8	18	10078.4760786	418
X	7	43	10096.1904936	419
X	8	19	10107.68726	420
X	8	20	10138.43166	421
X	7	44	10163.98506	422
X	8	21	10170.7086306	423
X	8	22	10204.5174914	424
X	7	45	10233.298785	425
X	8	23	10239.8575296	426
X	8	24	10276.728	427
X	7	46	10304.1302106	428
X	8	25	10315.128125	429
X	8	26	10355.0570946	430
X	7	47	10376.4778464	431
X	8	27	10396.5140664	432
X	8	28	10439.4981656	433
X	7	48	10450.3401696	434
X	8	29	10484.008485	435
X	7	49	10525.715625	436
X	8	30	10530.044085	437
X	8	31	10577.6039936	438
X	7	50	10602.602625	439
X	8	32	10626.6872064	440
X	8	33	10677.2926866	441
X	8	34	10729.419365	442
X	8	35	10783.06614	443
X	8	36	10838.2318776	444
X	8	37	10894.9154114	445
X	8	38	10953.1155426	446
X	8	39	11012.83104	447
X	8	40	11074.06064	448
X	8	41	11136.8030466	449
X	8	42	11201.0569314	450
X	8	43	11266.8209336	451
X	8	44	11334.09366	452
X	8	45	11402.873685	453
X	8	46	11473.1595506	454
X	8	47	11544.9497664	455
X	8	48	11618.2428096	456
X	8	49	11693.037125	457
X	8	50	11769.331125	458
Pi	0	1	38794.1046332	459
Pi	0	2	38797.2338588	460
Pi	0	3	38801.9275952	461
Pi	0	4	38808.18572	462
Pi	0	5	38816.00807	463
Pi	0	6	38825.3944412	464
Pi	0	7	38836.3445888	465
Pi	0	8	38848.8582272	466
Pi	0	9	38862.93503	467
Pi	0	10	38878.57463	468
Pi	0	11	38895.7766192	469
Pi	0	12	38914.5405488	470
Pi	0	13	38934.8659292	471
Pi	0	14	38956.75223	472
Pi	0	15	38980.19888	473
Pi	0	16	39005.2052672	474
Pi	0	17	39031.7707388	475
Pi	0	18	39059.8946012	476
Pi	0	19	39089.57612	477
Pi	0	20	39120.81452	478
Pi	0	21	39153.6089852	479
Pi	0	22	39187.9586588	480
Pi	0	23	39223.8626432	481
Pi	0	24	39261.32	482
Pi	0	25	39300.32975	483
Pi	0	26	39340.8908732	484
Pi	0	27	39383.0023088	485
Pi	0	28	39426.6629552	486
Pi	0	29	39471.87167	487
Pi	0	30	39518.62727	488
Pi	0	31	39566.9285312	489
Pi	0	32	39616.7741888	490
Pi	0	33	39668.1629372	491
Pi	0	34	39721.09343	492
Pi	0	35	39775.56428	493
Pi	0	36	39831.5740592	494
Pi	1	1	39850.36715312	495
Pi	1	2	39853.46141808	496
Pi	1	3	39858.10271232	497
Pi	1	4	39864.290912	498
Pi	1	5	39872.025852	499
Pi	1	6	39881.30732592	500
Pi	0	37	39889.1212988	501
Pi	1	7	39892.13508608	502
Pi	1	8	39904.50884352	503
Pi	1	9	39918.428268	504
Pi	1	10	39933.892988	505
Pi	0	38	39948.2044892	506
Pi	1	11	39950.90259072	507
Pi	1	12	39969.45662208	508
Pi	1	13	39989.55458672	509
Pi	0	39	40008.82208	510
Pi	1	14	40011.195948	511
Pi	1	15	40034.380128	512
Pi	1	16	40059.10650752	513
Pi	0	40	40070.97248	514
Pi	1	17	40085.37442608	515
Pi	1	18	40113.18318192	516
Pi	0	41	40134.6540572	517
Pi	1	19	40142.532032	518
Pi	1	20	40173.420192	519
Pi	0	42	40199.8651388	520
Pi	1	21	40205.84683632	521
Pi	1	22	40239.81109808	522
Pi	0	43	40266.6040112	523
Pi	1	23	40275.31206912	524
Pi	1	24	40312.3488	525
Pi	0	44	40334.86892	526
Pi	1	25	40350.9203	527
Pi	1	26	40391.02553712	528
Pi	0	45	40404.65807	529
Pi	1	27	40432.66343808	530
Pi	1	28	40475.83288832	531
Pi	0	46	40475.9696252	532
Pi	1	29	40520.532732	533
Pi	0	47	40548.8017088	534
Pi	1	30	40566.761772	535
Pi	1	31	40614.51876992	536
Pi	0	48	40623.1524032	537
Pi	1	32	40663.80244608	538
Pi	0	49	40699.01975	539
Pi	1	33	40714.61147952	540
Pi	1	34	40766.944508	541
Pi	0	50	40776.40175	542
Pi	1	35	40820.800128	543
Pi	1	36	40876.17689472	544
Pi	2	1	40885.968333	545
Pi	2	2	40889.024957	546
Pi	2	3	40893.609788	547
Pi	2	4	40899.7227	548
Pi	2	5	40907.363525	549
Pi	2	6	40916.532053	550
Pi	2	7	40927.228032	551
Pi	1	37	40933.07332208	552
Pi	2	8	40939.451168	553
Pi	2	9	40953.201125	554
Pi	2	10	40968.477525	555
Pi	2	11	40985.279948	556
Pi	1	38	40991.48788272	557
Pi	2	12	41003.607932	558
Pi	2	13	41023.460973	559
Pi	2	14	41044.838525	560
Pi	1	39	41051.419008	561
Pi	2	15	41067.74	562
Pi	2	16	41092.164768	563
Pi	1	40	41112.865088	564
Pi	2	17	41118.112157	565
Pi	2	18	41145.581453	566
Pi	2	19	41174.5719	567
Pi	1	41	41175.82447152	568
Pi	2	20	41205.0827	569
Pi	2	21	41237.113013	570
Pi	1	42	41240.29546608	571
Pi	2	22	41270.661957	572
Pi	2	23	41305.728608	573
Pi	1	43	41306.27633792	574
Pi	2	24	41342.312	575
Pi	1	44	41373.765312	576
Pi	2	25	41380.411125	577
Pi	2	26	41420.024933	578
Pi	1	45	41442.760572	579
Pi	2	27	41461.152332	580
Pi	2	28	41503.792188	581
Pi	1	46	41513.26026032	582
Pi	2	29	41547.943325	583
Pi	1	47	41585.26247808	584
Pi	2	30	41593.604525	585
Pi	2	31	41640.774528	586
Pi	1	48	41658.76528512	587
Pi	2	32	41689.452032	588
Pi	1	49	41733.7667	589
Pi	2	33	41739.635693	590
Pi	2	34	41791.324125	591
Pi	1	50	41810.2647	592
Pi	2	35	41844.5159	593
Pi	2	36	41899.209548	594
Pi	3	1	41901.83931288	595
Pi	3	2	41904.85789592	596
Pi	3	3	41909.38566368	597
Pi	3	4	41915.422488	598
Pi	3	5	41922.968198	599
Pi	3	6	41932.02258008	600
Pi	3	7	41942.58537792	601
Pi	3	8	41954.65629248	602
Pi	2	37	41955.403557	603
Pi	3	9	41968.234982	604
Pi	3	10	41983.321062	605
Pi	3	11	41999.91410528	606
Pi	2	38	42013.096373	607
Pi	3	12	42018.01364192	608
Pi	3	13	42037.61915928	609
Pi	3	14	42058.730102	610
Pi	2	39	42072.2864	611
Pi	3	15	42081.345872	612
Pi	3	16	42105.46582848	613
Pi	3	17	42131.08928792	614
Pi	2	40	42132.972	615
Pi	3	18	42158.21552408	616
Pi	3	19	42186.843768	617
Pi	2	41	42195.151493	618
Pi	3	20	42216.973208	619
Pi	3	21	42248.60298968	620
Pi	2	42	42258.823157	621
Pi	3	22	42281.73221592	622
Pi	3	23	42316.35994688	623
Pi	2	43	42323.985228	624
Pi	3	24	42352.4852	625
Pi	3	25	42390.10695	626
Pi	2	44	42390.6359	627
Pi	3	26	42429.22412888	628
Pi	2	45	42458.773325	629
Pi	3	27	42469.83562592	630
Pi	3	28	42511.94028768	631
Pi	2	46	42528.395613	632
Pi	3	29	42555.536918	633
Pi	2	47	42599.500832	634
Pi	3	30	42600.624278	635
Pi	3	31	42647.20108608	636
Pi	2	48	42672.087008	637
Pi	3	32	42695.26601792	638
Pi	3	33	42744.81770648	639
Pi	2	49	42746.152125	640
Pi	3	34	42795.854742	641
Pi	2	50	42821.694125	642
Pi	3	35	42848.375672	643
Pi	4	1	42891.7027328	644
Pi	4	2	42894.6881552	645
Pi	4	3	42899.1661808	646
Pi	3	36	42902.37900128	647
Pi	4	4	42905.13668	648
Pi	4	5	42912.59948	649
Pi	4	6	42921.5543648	650
Pi	4	7	42932.0010752	651
Pi	4	8	42943.9393088	652
Pi	4	9	42957.36872	653
Pi	3	37	42957.86319192	654
Pi	4	10	42972.28892	655
Pi	4	11	42988.6994768	656
Pi	4	12	43006.5999152	657
Pi	3	38	43014.82666328	658
Pi	4	13	43025.9897168	659
Pi	4	14	43046.86832	660
Pi	4	15	43069.23512	661
Pi	3	39	43073.267792	662
Pi	4	16	43093.0894688	663
Pi	4	17	43118.4306752	664
Pi	3	40	43133.184912	665
Pi	4	18	43145.2580048	666
Pi	4	19	43173.57068	667
Pi	3	41	43194.57631448	668
Pi	4	20	43203.36788	669
Pi	4	21	43234.6487408	670
Pi	3	42	43257.44024792	671
Pi	4	22	43267.4123552	672
Pi	4	23	43301.6577728	673
Pi	3	43	43321.77491808	674
Pi	4	24	43337.384	675
Pi	4	25	43374.59	676
Pi	3	44	43387.578488	677
Pi	4	26	43413.2746928	678
Pi	4	27	43453.4369552	679
Pi	3	45	43454.849078	680
Pi	4	28	43495.0756208	681
Pi	3	46	43523.58476568	682
Pi	4	29	43538.18948	683
Pi	4	30	43582.77728	684
Pi	3	47	43593.78358592	685
Pi	4	31	43628.8377248	686
Pi	3	48	43665.44353088	687
Pi	4	32	43676.3694752	688
Pi	4	33	43725.3711488	689
Pi	3	49	43738.56255	690
Pi	4	34	43775.84132	691
Pi	3	50	43813.13855	692
Pi	4	35	43827.77852	693
Pi	5	1	43862.58395268	694
Pi	5	2	43865.53181412	695
Pi	5	3	43869.95349648	696
Pi	5	4	43875.848868	697
Pi	4	36	43881.1812368	698
Pi	5	5	43883.217753	699
Pi	5	6	43892.05993188	700
Pi	5	7	43902.37514112	701
Pi	5	8	43914.16307328	702
Pi	5	9	43927.423377	703
Pi	4	37	43936.0479152	704
Pi	5	10	43942.155657	705
Pi	5	11	43958.35947408	706
Pi	5	12	43976.03434512	707
Pi	4	38	43992.3769568	708
Pi	5	13	43995.17974308	709
Pi	5	14	44015.795097	710
Pi	5	15	44037.879792	711
Pi	4	39	44050.16672	712
Pi	5	16	44061.43316928	713
Pi	5	17	44086.45452612	714
Pi	4	40	44109.41552	715
Pi	5	18	44112.94311588	716
Pi	5	19	44140.898148	717
Pi	4	41	44170.1216288	718
Pi	5	20	44170.318788	719
Pi	5	21	44201.20415748	720
Pi	4	42	44232.2832752	721
Pi	5	22	44233.55333412	722
Pi	5	23	44267.36535168	723
Pi	4	43	44295.8986448	724
Pi	5	24	44302.6392	725
Pi	5	25	44339.373825	726
Pi	4	44	44360.96588	727
Pi	5	26	44377.56812868	728
Pi	5	27	44417.22096912	729
Pi	4	45	44427.48308	730
Pi	5	28	44458.33116048	731
Pi	4	46	44495.4483008	732
Pi	5	29	44500.897473	733
Pi	5	30	44544.918633	734
Pi	4	47	44564.8595552	735
Pi	5	31	44590.39332288	736
Pi	4	48	44635.7148128	737
Pi	5	32	44637.32018112	738
Pi	5	33	44685.69780228	739
Pi	4	49	44708.012	740
Pi	5	34	44735.524737	741
Pi	4	50	44781.749	742
Pi	5	35	44786.799492	743
Pi	6	1	44810.20661256	744
Pi	6	2	44813.11979304	745
Pi	6	3	44817.48945216	746
Pi	6	4	44823.315456	747
Pi	6	5	44830.597626	748
Pi	6	6	44839.33573896	749
Pi	5	36	44839.52053008	750
Pi	6	7	44849.52952704	751
Pi	6	8	44861.17867776	752
Pi	6	9	44874.282834	753
Pi	6	10	44888.841594	754
Pi	5	37	44893.68627012	755
Pi	6	11	44904.85451136	756
Pi	6	12	44922.32109504	757
Pi	6	13	44941.24080936	758
Pi	5	38	44949.29508708	759
Pi	6	14	44961.613074	760
Pi	6	15	44983.437264	761
Pi	5	39	45006.345312	762
Pi	6	16	45006.71270976	763
Pi	6	17	45031.43869704	764
Pi	6	18	45057.61446696	765
Pi	5	40	45064.835232	766
Pi	6	19	45085.239216	767
Pi	6	20	45114.312096	768
Pi	5	41	45124.76309028	769
Pi	6	21	45144.83221416	770
Pi	6	22	45176.79863304	771
Pi	5	42	45186.12708612	772
Pi	6	23	45210.21037056	773
Pi	6	24	45245.0664	774
Pi	5	43	45248.92537488	775
Pi	6	25	45281.36565	776
Pi	5	44	45313.156068	777
Pi	6	26	45319.10700456	778
Pi	6	27	45358.28930304	779
Pi	5	45	45378.817233	780
Pi	6	28	45398.91134016	781
Pi	6	29	45440.971866	782
Pi	5	46	45445.90689348	783
Pi	6	30	45484.469586	784
Pi	5	47	45514.42302912	785
Pi	6	31	45529.40316096	786
Pi	6	32	45575.77120704	787
Pi	5	48	45584.36357568	788
Pi	6	33	45623.57229576	789
Pi	5	49	45655.726425	790
Pi	6	34	45672.804954	791
Pi	6	35	45723.467664	792
Pi	5	50	45728.509425	793
Pi	7	1	45738.45679248	794
Pi	7	2	45741.33033232	795
Pi	7	3	45745.64052928	796
Pi	7	4	45751.387248	797
Pi	7	5	45758.570308	798
Pi	7	6	45767.18948368	799
Pi	6	36	45775.55886336	800
Pi	7	7	45777.24450432	801
Pi	7	8	45788.73505408	802
Pi	7	9	45801.660772	803
Pi	7	10	45816.021252	804
Pi	6	37	45829.07694504	805
Pi	7	11	45831.81604288	806
Pi	7	12	45849.04464832	807
Pi	7	13	45867.70652688	808
Pi	6	38	45884.02025736	809
Pi	7	14	45887.801092	810
Pi	7	15	45909.327712	811
Pi	7	16	45932.28571008	812
Pi	6	39	45940.387104	813
Pi	7	17	45956.67436432	814
Pi	7	18	45982.49290768	815
Pi	6	40	45998.175744	816
Pi	7	19	46009.740528	817
Pi	7	20	46038.416368	818
Pi	6	41	46057.38439176	819
Pi	7	21	46068.51952528	820
Pi	7	22	46100.04905232	821
Pi	6	42	46118.01121704	822
Pi	7	23	46133.00395648	823
Pi	7	24	46167.3832	824
Pi	6	43	46180.05434496	825
Pi	7	25	46203.1857	826
Pi	7	26	46240.41032848	827
Pi	6	44	46243.511856	828
Pi	7	27	46279.05591232	829
Pi	6	45	46308.381786	830
Pi	7	28	46319.12123328	831
Pi	7	29	46360.605028	832
Pi	6	46	46374.66212616	833
Pi	7	30	46403.505988	834
Pi	6	47	46442.35082304	835
Pi	7	31	46447.82275968	836
Pi	7	32	46493.55394432	837
Pi	6	48	46511.44577856	838
Pi	7	33	46540.69809808	839
Pi	6	49	46581.94485	840
Pi	7	34	46589.253732	841
Pi	7	35	46639.219312	842
Pi	8	1	46646.48747236	843
Pi	8	2	46649.32237124	844
Pi	8	3	46653.57460496	845
Pi	6	50	46653.84585	846
Pi	8	4	46659.244036	847
Pi	8	5	46666.330481	848
Pi	8	6	46674.83371076	849
Pi	8	7	46684.75345024	850
Pi	7	36	46690.59325888	851
Pi	8	8	46696.08937856	852
Pi	8	9	46708.841129	853
Pi	8	10	46723.008289	854
Pi	8	11	46738.59040016	855
Pi	7	37	46743.37394832	856
Pi	8	12	46755.58695824	857
Pi	8	13	46773.99741316	858
Pi	8	14	46793.821169	859
Pi	7	38	46797.55971088	860
Pi	8	15	46815.057584	861
Pi	8	16	46837.70597056	862
Pi	7	39	46853.148832	863
Pi	8	17	46861.76559524	864
Pi	8	18	46887.23567876	865
Pi	7	40	46910.139552	866
Pi	8	19	46914.115396	867
Pi	8	20	46942.403876	868
Pi	7	41	46968.53006608	869
Pi	8	21	46972.10020196	870
Pi	8	22	47003.20341124	871
Pi	7	42	47028.31852432	872
Pi	8	23	47035.71249536	873
Pi	8	24	47069.6264	874
Pi	7	43	47089.50303168	875
Pi	8	25	47104.944025	876
Pi	8	26	47141.66422436	877
Pi	7	44	47152.081648	878
Pi	8	27	47179.78580624	879
Pi	7	45	47216.052388	880
Pi	8	28	47219.30753296	881
Pi	8	29	47260.228121	882
Pi	7	46	47281.41322128	883
Pi	8	30	47302.546241	884
Pi	8	31	47346.26051776	885
Pi	7	47	47348.16207232	886
Pi	8	32	47391.36953024	887
Pi	7	48	47416.29682048	888
Pi	8	33	47437.87181156	889
Pi	8	34	47485.765849	890
Pi	7	49	47485.8153	891
Pi	8	35	47535.050084	892
Pi	7	50	47556.7153	893
Pi	8	36	47585.72291216	894
Pi	8	37	47637.78268324	895
Pi	8	38	47691.22770116	896
Pi	8	39	47746.056224	897
Pi	8	40	47802.266464	898
Pi	8	41	47859.85658756	899
Pi	8	42	47918.82471524	900
Pi	8	43	47979.16892176	901
Pi	8	44	48040.887236	902
Pi	8	45	48103.977641	903
Pi	8	46	48168.43807396	904
Pi	8	47	48234.26642624	905
Pi	8	48	48301.46054336	906
Pi	8	49	48370.018225	907
Pi	8	50	48439.937225	908
